dataM
   0.0892539    -0.128743    0.0446161   -0.0453972    0.0136985   -0.0426817  -0.00265748
   -0.128743      4.28356    -0.110131      1.78437   -0.0721344     0.123046 -0.000421924
   0.0446161    -0.110131    0.0413798   -0.0504155    0.0137462   -0.0341587  -0.00266108
  -0.0453972      1.78437   -0.0504155     0.965777   -0.0430437    0.0287244 -0.000390875
   0.0136985   -0.0721344    0.0137462   -0.0430437    0.0130356  -0.00398384  -0.00267127
  -0.0426817     0.123046   -0.0341587    0.0287244  -0.00398384     0.130576            0
 -0.00265748 -0.000421924  -0.00266108 -0.000390875  -0.00267127            0       0.0027
    0.252368    -0.150899     0.107927   0.00957032    0.0123146    -0.116178  -0.00257086
   -0.150899      4.26182    -0.135136      1.75594   -0.0522841      0.17391 -0.000373393
    0.107927    -0.135136    0.0672503   -0.0383679    0.0129352   -0.0607767    -0.002642
  0.00957032      1.75594   -0.0383679     0.968739   -0.0315547    0.0428605 -0.000278305
   0.0123146   -0.0522841    0.0129352   -0.0315547    0.0117404  -0.00400683   -0.0026853
   -0.116178      0.17391   -0.0607767    0.0428605  -0.00400683     0.130576            0
 -0.00257086 -0.000373393    -0.002642 -0.000278305   -0.0026853            0       0.0027
    0.524038    -0.181236       0.2006    0.0743025    0.0118845    -0.173744  -0.00240374
   -0.181236      4.22701    -0.172473      1.71907   -0.0360409     0.214251 -0.000361707
      0.2006    -0.172473     0.103656   -0.0281804    0.0127239   -0.0836293  -0.00259969
   0.0743025      1.71907   -0.0281804     0.970462   -0.0218398    0.0552661 -0.000183445
   0.0118845   -0.0360409    0.0127239   -0.0218398    0.0109792  -0.00401972  -0.00269353
   -0.173744     0.214251   -0.0836293    0.0552661  -0.00401972     0.130578            0
 -0.00240374 -0.000361707  -0.00259969 -0.000183445  -0.00269353            0       0.0027
    0.838137    -0.212534     0.305376     0.140426    0.0127302    -0.216586  -0.00219006
   -0.212534      4.18353    -0.215643      1.67837   -0.0232947      0.24547  -0.00037623
    0.305376    -0.215643     0.145682   -0.0198801     0.013029    -0.102933   -0.0025419
    0.140426      1.67837   -0.0198801      0.97135   -0.0138011    0.0660436 -0.000104988
   0.0127302   -0.0232947     0.013029   -0.0138011    0.0105808  -0.00402585  -0.00269785
   -0.216586      0.24547    -0.102933    0.0660436  -0.00402585      0.13058            0
 -0.00219006  -0.00037623   -0.0025419 -0.000104988  -0.00269785            0       0.0027
     1.14952     -0.24019     0.409924     0.202609    0.0145824    -0.247075  -0.00195782
    -0.24019      4.13517    -0.259791      1.63727   -0.0136362     0.269096   -0.0004076
    0.409924    -0.259791     0.189467   -0.0133379    0.0136985    -0.119026   -0.0024755
    0.202609      1.63727   -0.0133379     0.971708  -0.00729745    0.0753234 -4.13897e-05
   0.0145824   -0.0136362    0.0136985  -0.00729745    0.0104156  -0.00402773  -0.00269966
   -0.247075     0.269096    -0.119026    0.0753234  -0.00402773     0.130582            0
 -0.00195782   -0.0004076   -0.0024755 -4.13897e-05  -0.00269966            0       0.0027
     1.43209    -0.262075     0.506603     0.257817    0.0169727    -0.267889  -0.00172777
   -0.262075      4.08516    -0.301623      1.59815  -0.00656365     0.286603 -0.000448287
    0.506603    -0.301623     0.232191   -0.0083544    0.0145683    -0.132297  -0.00240619
    0.257817      1.59815   -0.0083544     0.971755  -0.00217836    0.0832371  8.87594e-06
   0.0169727  -0.00656365    0.0145683  -0.00217836    0.0103885  -0.00402718  -0.00269998
   -0.267889     0.286603    -0.132297    0.0832371  -0.00402718     0.130584            0
 -0.00172777 -0.000448287  -0.00240619  8.87594e-06  -0.00269998            0       0.0027
     1.6738   -0.277849    0.591465    0.304631   0.0194435   -0.281532 -0.00151397
  -0.277849     4.03619   -0.339136      1.5626 -0.00158622      0.2993 -0.00049262
   0.591465   -0.339136    0.271948 -0.00470782   0.0154901   -0.143138 -0.00233842
   0.304631      1.5626 -0.00470782    0.971645  0.00170326   0.0899079 4.72448e-05
  0.0194435 -0.00158622   0.0154901  0.00170326   0.0104321  -0.0040255 -0.00269954
  -0.281532      0.2993   -0.143138   0.0899079  -0.0040255    0.130587           0
-0.00151397 -0.00049262 -0.00233842 4.72448e-05 -0.00269954           0      0.0027
     1.87161    -0.288216     0.663096     0.342668    0.0216354    -0.290123  -0.00132497
   -0.288216      3.99037    -0.371293      1.53159   0.00172396      0.30829 -0.000536579
    0.663096    -0.371293     0.307555  -0.00218514    0.0163452    -0.151914  -0.00227551
    0.342668      1.53159  -0.00218514     0.971481   0.00448332    0.0954471  7.50186e-05
   0.0216354   0.00172396    0.0163452   0.00448332       0.0105  -0.00402355  -0.00269884
   -0.290123      0.30829    -0.151914    0.0954471  -0.00402355     0.130588            0
 -0.00132497 -0.000536579  -0.00227551  7.50186e-05  -0.00269884            0       0.0027
     2.02745    -0.294336     0.721631     0.372159    0.0233078    -0.295343  -0.00116528
   -0.294336      3.94928     -0.39772      1.50563   0.00371548     0.314458 -0.000577494
    0.721631     -0.39772     0.338372 -0.000596892    0.0170473    -0.158948  -0.00221978
    0.372159      1.50563 -0.000596892     0.971328   0.00628465    0.0999546  9.33641e-05
   0.0233078   0.00371548    0.0170473   0.00628465    0.0105628   -0.0040219  -0.00269818
   -0.295343     0.314458    -0.158948    0.0999546   -0.0040219      0.13059            0
 -0.00116528 -0.000577494  -0.00221978  9.33641e-05  -0.00269818            0       0.0027
     2.14552    -0.297438      0.76801     0.393656     0.024327     -0.29845   -0.0010366
   -0.297438        3.914    -0.418462      1.48493   0.00465678     0.318491 -0.000613736
     0.76801    -0.418462     0.364139  0.000215675    0.0175413    -0.164517   -0.0021727
    0.393656      1.48493  0.000215675     0.971223   0.00721564     0.103519  0.000103309
    0.024327   0.00465678    0.0175413   0.00721564    0.0106037  -0.00402086  -0.00269775
    -0.29845     0.318491    -0.164517     0.103519  -0.00402086     0.130591            0
  -0.0010366 -0.000613736   -0.0021727  0.000103309  -0.00269775            0       0.0027
     2.23063    -0.298604     0.803481     0.407841    0.0246436    -0.300347 -0.000938847
   -0.298604      3.88516    -0.433804      1.46945   0.00474436     0.320901 -0.000644451
    0.803481    -0.433804     0.384848  0.000379382     0.017799     -0.16885  -0.00213505
    0.407841      1.46945  0.000379382     0.971179   0.00737057     0.106221  0.000105751
   0.0246436   0.00474436     0.017799   0.00737057    0.0106155  -0.00402054  -0.00269762
   -0.300347     0.320901     -0.16885     0.106221  -0.00402054     0.130591            0
-0.000938847 -0.000644451  -0.00213505  0.000105751  -0.00269762            0       0.0027
      2.2873    -0.298678     0.829303     0.415412    0.0242689    -0.301639 -0.000870805
   -0.298678      3.86306     -0.44415      1.45901   0.00411431     0.322054 -0.000669343
    0.829303     -0.44415     0.400651  -8.7068e-06    0.0178146     -0.17213   -0.0021071
    0.415412      1.45901  -8.7068e-06     0.971196   0.00683067      0.10813  0.000101465
   0.0242689   0.00411431    0.0178146   0.00683067    0.0105987  -0.00402094   -0.0026978
   -0.301639     0.322054     -0.17213      0.10813  -0.00402094     0.130591            0
-0.000870805 -0.000669343   -0.0021071  0.000101465   -0.0026978            0       0.0027
     2.31939    -0.298247     0.846594     0.417033    0.0232565    -0.302698  -0.00083067
   -0.298247      3.84769    -0.449944      1.45335   0.00285425     0.322196 -0.000688502
    0.846594    -0.449944      0.41179 -0.000877437    0.0175998    -0.174502  -0.00208871
    0.417033      1.45335 -0.000877437     0.971261   0.00566564     0.109308  9.11229e-05
   0.0232565   0.00285425    0.0175998   0.00566564    0.0105588  -0.00402194  -0.00269822
   -0.302698     0.322196    -0.174502     0.109308  -0.00402194      0.13059            0
 -0.00083067 -0.000688502  -0.00208871  9.11229e-05  -0.00269822            0       0.0027
     2.32997     -0.29766     0.856265     0.413301    0.0216877    -0.303721 -0.000816323
    -0.29766      3.83881    -0.451627      1.45212   0.00101431     0.321477 -0.000702285
    0.856265    -0.451627     0.418556  -0.00217706    0.0171793    -0.176077  -0.00207942
    0.413301      1.45212  -0.00217706     0.971355   0.00393542     0.109811  7.53022e-05
   0.0216877   0.00101431    0.0171793   0.00393542    0.0105052  -0.00402333  -0.00269878
   -0.303721     0.321477    -0.176077     0.109811  -0.00402333      0.13059            0
-0.000816323 -0.000702285  -0.00207942  7.53022e-05  -0.00269878            0       0.0027
     2.32135    -0.297071     0.859015      0.40475    0.0196625    -0.304763 -0.000825511
   -0.297071      3.83604    -0.449618      1.45494  -0.00138331     0.319973 -0.000711225
    0.859015    -0.449618     0.421259  -0.00387469    0.0165879    -0.176934  -0.00207857
     0.40475      1.45494  -0.00387469     0.971453   0.00169192      0.10969   5.4506e-05
   0.0196625  -0.00138331    0.0165879   0.00169192    0.0104496  -0.00402489  -0.00269936
   -0.304763     0.319973    -0.176934      0.10969  -0.00402489     0.130588            0
-0.000825511 -0.000711225  -0.00207857   5.4506e-05  -0.00269936            0       0.0027
     2.29523    -0.296475     0.855359     0.391854    0.0172933    -0.305782 -0.000855932
   -0.296475      3.83885    -0.444305      1.46141  -0.00433632     0.317702 -0.000715973
    0.855359    -0.444305     0.420216  -0.00595008    0.0158667    -0.177134  -0.00208532
    0.391854      1.46141  -0.00595008     0.971526  -0.00101932     0.108987  2.91748e-05
   0.0172933  -0.00433632    0.0158667  -0.00101932    0.0104054  -0.00402635  -0.00269982
   -0.305782     0.317702    -0.177134     0.108987  -0.00402635     0.130587            0
-0.000855932 -0.000715973  -0.00208532  2.91748e-05  -0.00269982            0       0.0027
     2.25283     -0.29576     0.845669     0.375046    0.0147001    -0.306655 -0.000905265
    -0.29576      3.84666     -0.43605      1.47112  -0.00785559     0.314641 -0.000717252
    0.845669     -0.43605     0.415742  -0.00839179    0.0150611    -0.176714  -0.00209875
    0.375046      1.47112  -0.00839179     0.971545   -0.0041576     0.107744 -3.00371e-07
   0.0147001  -0.00785559    0.0150611   -0.0041576    0.0103864  -0.00402742      -0.0027
   -0.306655     0.314641    -0.176714     0.107744  -0.00402742     0.130585            0
-0.000905265 -0.000717252  -0.00209875 -3.00371e-07      -0.0027            0       0.0027
     2.19504    -0.294741     0.830226     0.354729    0.0120077     -0.30721 -0.000971178
   -0.294741      3.85883    -0.425191      1.48363   -0.0119596     0.310735 -0.000715828
    0.830226    -0.425191     0.408149   -0.0111939    0.0142186    -0.175701  -0.00211786
    0.354729      1.48363   -0.0111939     0.971479  -0.00768579     0.105996 -3.35664e-05
   0.0120077   -0.0119596    0.0142186  -0.00768579    0.0104066  -0.00402782  -0.00269976
    -0.30721     0.310735    -0.175701     0.105996  -0.00402782     0.130584            0
-0.000971178 -0.000715828  -0.00211786 -3.35664e-05  -0.00269976            0       0.0027
     2.12259    -0.293201     0.809264     0.331295   0.00934244    -0.307233  -0.00105132
   -0.293201      3.87469    -0.412055      1.49853   -0.0166696     0.305911  -0.00071249
    0.809264    -0.412055     0.397744   -0.0143534    0.0133869    -0.174109  -0.00214164
    0.331295      1.49853   -0.0143534     0.971299   -0.0115692     0.103776 -7.02989e-05
  0.00934244   -0.0166696    0.0133869   -0.0115692    0.0104795  -0.00402729  -0.00269896
   -0.307233     0.305911    -0.174109     0.103776  -0.00402729     0.130582            0
 -0.00105132  -0.00071249  -0.00214164 -7.02989e-05  -0.00269896            0       0.0027
     2.03616    -0.290916     0.783015     0.305136   0.00682904    -0.306491  -0.00114332
   -0.290916      3.89358    -0.396965       1.5154   -0.0220056     0.300081 -0.000708027
    0.783015    -0.396965     0.384836   -0.0178675    0.0126124    -0.171946  -0.00216905
    0.305136       1.5154   -0.0178675     0.970977   -0.0157749     0.101114 -0.000110194
  0.00682904   -0.0220056    0.0126124   -0.0157749    0.0106175  -0.00402554  -0.00269745
   -0.306491     0.300081    -0.171946     0.101114  -0.00402554      0.13058            0
 -0.00114332 -0.000708027  -0.00216905 -0.000110194  -0.00269745            0       0.0027
     1.93653     -0.28769     0.751748     0.276658   0.00458714    -0.304738  -0.00124476
    -0.28769      3.91486    -0.380243      1.53382   -0.0279832     0.293153 -0.000703219
    0.751748    -0.380243     0.369733    -0.021732    0.0119392    -0.169216  -0.00219909
    0.276658      1.53382    -0.021732     0.970487   -0.0202706      0.09804 -0.000152963
  0.00458714   -0.0279832    0.0119392   -0.0202706     0.010832  -0.00402237  -0.00269513
   -0.304738     0.293153    -0.169216      0.09804  -0.00402237     0.130579            0
 -0.00124476 -0.000703219  -0.00219909 -0.000152963  -0.00269513            0       0.0027
     1.82467     -0.28337     0.715794     0.246286   0.00272722    -0.301732  -0.00135322
    -0.28337      3.93789    -0.362221      1.55337     -0.03461     0.285038 -0.000698819
    0.715794    -0.362221     0.352744     -0.02594    0.0114074    -0.165917   -0.0022308
    0.246286      1.55337     -0.02594     0.969806   -0.0250249    0.0945793 -0.000198327
  0.00272722     -0.03461    0.0114074   -0.0250249    0.0111331  -0.00401754  -0.00269187
   -0.301732     0.285038    -0.165917    0.0945793  -0.00401754     0.130578            0
 -0.00135322 -0.000698819   -0.0022308 -0.000198327  -0.00269187            0       0.0027
      1.7018    -0.277868     0.675573     0.214468   0.00134622    -0.297244  -0.00146626
   -0.277868       3.9621    -0.343238      1.57365   -0.0418836     0.275652  -0.00069554
    0.675573    -0.343238     0.334184   -0.0304803    0.0110523     -0.16205  -0.00226325
    0.214468      1.57365   -0.0304803     0.968911    -0.030006    0.0907576 -0.000246011
  0.00134622   -0.0418836    0.0110523    -0.030006    0.0115292  -0.00401087  -0.00268759
   -0.297244     0.275652     -0.16205    0.0907576  -0.00401087     0.130577            0
 -0.00146626  -0.00069554  -0.00226325 -0.000246011  -0.00268759            0       0.0027
     1.56946    -0.271173     0.631597     0.181678  0.000523211    -0.291067  -0.00158148
   -0.271173      3.98695    -0.323644      1.59427   -0.0497894     0.264924 -0.000694039
    0.631597    -0.323644     0.314367   -0.0353372    0.0109039    -0.157615   -0.0022956
    0.181678      1.59427   -0.0353372     0.967785   -0.0351823    0.0865996 -0.000295746
 0.000523211   -0.0497894    0.0109039   -0.0351823     0.012027  -0.00400222   -0.0026822
   -0.291067     0.264924    -0.157615    0.0865996  -0.00400222     0.130576            0
 -0.00158148 -0.000694039   -0.0022956 -0.000295746   -0.0026822            0       0.0027
     1.42952    -0.263354     0.584481     0.148413  0.000314891    -0.283025  -0.00169655
   -0.263354      4.01195    -0.303798      1.61484   -0.0582989     0.252795 -0.000694911
    0.584481    -0.303798     0.293613   -0.0404895    0.0109855    -0.152616  -0.00232705
    0.148413      1.61484   -0.0404895     0.966414   -0.0405221    0.0821295 -0.000347262
 0.000314891   -0.0582989    0.0109855   -0.0405221    0.0126316  -0.00399146  -0.00267566
   -0.283025     0.252795    -0.152616    0.0821295  -0.00399146     0.130576            0
 -0.00169655 -0.000694911  -0.00232705 -0.000347262  -0.00267566            0       0.0027
     1.28421    -0.254564     0.534933      0.11519  0.000751894    -0.272981  -0.00180923
   -0.254564      4.03665    -0.284064      1.63501   -0.0673684     0.239227 -0.000698669
    0.534933    -0.284064     0.272237   -0.0459108    0.0113135    -0.147056  -0.00235691
     0.11519      1.63501   -0.0459108     0.964787   -0.0459932    0.0773716  -0.00040029
 0.000751894   -0.0673684    0.0113135   -0.0459932    0.0133465  -0.00397851   -0.0026679
   -0.272981     0.239227    -0.147056    0.0773716  -0.00397851     0.130576            0
 -0.00180923 -0.000698669  -0.00235691  -0.00040029   -0.0026679            0       0.0027
     1.13604    -0.245034     0.483743    0.0825342   0.00183576    -0.260846  -0.00191746
   -0.245034      4.06067    -0.264806      1.65441   -0.0769389     0.224203 -0.000705741
    0.483743    -0.264806     0.250552   -0.0515695    0.0118969    -0.140946  -0.00238458
   0.0825342      1.65441   -0.0515695     0.962896   -0.0515635    0.0723502 -0.000454561
  0.00183576   -0.0769389    0.0118969   -0.0515635    0.0141733   -0.0039633   -0.0026589
   -0.260846     0.224203    -0.140946    0.0723502   -0.0039633     0.130577            0
 -0.00191746 -0.000705741  -0.00238458 -0.000454561   -0.0026589            0       0.0027
    0.987761    -0.235062     0.431764     0.050976   0.00353702    -0.246581  -0.00201937
   -0.235062      4.08368    -0.246385      1.67272   -0.0869358     0.207728 -0.000716454
    0.431764    -0.246385     0.228866   -0.0574288     0.012737    -0.134298  -0.00240953
    0.050976      1.67272   -0.0574288     0.960738   -0.0572008    0.0670898 -0.000509806
  0.00353702   -0.0869358     0.012737   -0.0572008    0.0151121   -0.0039458  -0.00264866
   -0.246581     0.207728    -0.134298    0.0670898   -0.0039458     0.130578            0
 -0.00201937 -0.000716454  -0.00240953 -0.000509806  -0.00264866            0       0.0027
    0.842298       -0.225     0.379887    0.0210359   0.00579465    -0.230201  -0.00211333
      -0.225      4.10539    -0.229148      1.68963   -0.0972693     0.189829 -0.000731033
    0.379887    -0.229148     0.207475   -0.0634477    0.0138275    -0.127131  -0.00243135
   0.0210359      1.68963   -0.0634477     0.958312   -0.0628731    0.0616157 -0.000565756
  0.00579465   -0.0972693    0.0138275   -0.0628731    0.0161615  -0.00392603  -0.00263716
   -0.230201     0.189829    -0.127131    0.0616157  -0.00392603      0.13058            0
 -0.00211333 -0.000731033  -0.00243135 -0.000565756  -0.00263716            0       0.0027
    0.702627    -0.215238     0.329018  -0.00678494   0.00851705     -0.21178  -0.00219802
   -0.215238      4.12555    -0.213427      1.70487    -0.107836     0.170562   -0.0007496
    0.329018    -0.213427     0.186661   -0.0695815    0.0151546    -0.119468  -0.00244971
 -0.00678494      1.70487   -0.0695815     0.955623   -0.0685488     0.055953 -0.000622143
  0.00851705    -0.107836    0.0151546   -0.0685488    0.0173187  -0.00390401  -0.00262443
    -0.21178     0.170562    -0.119468     0.055953  -0.00390401     0.130582            0
 -0.00219802   -0.0007496  -0.00244971 -0.000622143  -0.00262443            0       0.0027
    0.571685     -0.20618     0.280045   -0.0320163    0.0115845    -0.191444  -0.00227239
    -0.20618      4.14396    -0.199528      1.71817     -0.11852     0.150002 -0.000772166
    0.280045    -0.199528     0.166688   -0.0757828    0.0166973    -0.111336  -0.00246437
  -0.0320163      1.71817   -0.0757828     0.952677   -0.0741973    0.0501273 -0.000678704
   0.0115845     -0.11852    0.0166973   -0.0741973    0.0185795  -0.00387981  -0.00261049
   -0.191444     0.150002    -0.111336    0.0501273  -0.00387981     0.130585            0
 -0.00227239 -0.000772166  -0.00246437 -0.000678704  -0.00261049            0       0.0027
    0.452249    -0.198228     0.233815   -0.0542297    0.0148531    -0.169375  -0.00233575
   -0.198228      4.16046    -0.187729      1.72931    -0.129196     0.128248 -0.000798647
    0.233815    -0.187729     0.147801   -0.0820024    0.0184283    -0.102767  -0.00247521
  -0.0542297      1.72931   -0.0820024     0.949485   -0.0797886    0.0441634 -0.000735179
   0.0148531    -0.129196    0.0184283   -0.0797886    0.0199387   -0.0038535  -0.00259538
   -0.169375     0.128248    -0.102767    0.0441634   -0.0038535     0.130588            0
 -0.00233575 -0.000798647  -0.00247521 -0.000735179  -0.00259538            0       0.0027
    0.346834    -0.191764     0.191107   -0.0730494    0.0181604    -0.145801  -0.00238769
   -0.191764      4.17491    -0.178278       1.7381    -0.139731     0.105422 -0.000828865
    0.191107    -0.178278     0.130222   -0.0881903    0.0203145   -0.0937989  -0.00248216
  -0.0730494       1.7381   -0.0881903      0.94606   -0.0852947    0.0380852 -0.000791321
   0.0181604    -0.139731    0.0203145   -0.0852947    0.0213901  -0.00382519  -0.00257915
   -0.145801     0.105422   -0.0937989    0.0380852  -0.00382519     0.130592            0
 -0.00238769 -0.000828865  -0.00248216 -0.000791321  -0.00257915            0       0.0027
    0.257599    -0.187132     0.152611   -0.0881615    0.0213314    -0.120993  -0.00242816
   -0.187132      4.18718    -0.171384      1.74436     -0.14999    0.0816648 -0.000862565
    0.152611    -0.171384     0.114145   -0.0942976    0.0223184   -0.0844724  -0.00248524
  -0.0881615      1.74436   -0.0942976     0.942417   -0.0906896    0.0319142 -0.000846897
   0.0213314     -0.14999    0.0223184   -0.0906896     0.022927    -0.003795  -0.00256185
   -0.120993    0.0816648   -0.0844724    0.0319142    -0.003795     0.130596            0
 -0.00242816 -0.000862565  -0.00248524 -0.000846897  -0.00256185            0       0.0027
    0.186265    -0.184627     0.118906   -0.0993249    0.0241863    -0.095256  -0.00245736
   -0.184627       4.1972    -0.167224      1.74797    -0.159839    0.0571372 -0.000899436
    0.118906    -0.167224    0.0997415    -0.100277    0.0243992    -0.074832  -0.00248456
  -0.0993249      1.74797    -0.100277     0.938572   -0.0959502    0.0256693 -0.000901698
   0.0241863    -0.159839    0.0243992   -0.0959502    0.0245422  -0.00376306  -0.00254355
   -0.095256    0.0571372    -0.074832    0.0256693  -0.00376306       0.1306            0
 -0.00245736 -0.000899436  -0.00248456 -0.000901698  -0.00254355            0       0.0027
    0.134063     -0.18448    0.0904495    -0.106382    0.0265477   -0.0689184  -0.00247577
    -0.18448      4.20487    -0.165936      1.74884    -0.169149     0.032026 -0.000939127
   0.0904495    -0.165936    0.0871518    -0.106087     0.026514   -0.0649243  -0.00248025
   -0.106382      1.74884    -0.106087     0.934544    -0.101057     0.019368 -0.000955549
   0.0265477    -0.169149     0.026514    -0.101057    0.0262292  -0.00372948  -0.00252429
  -0.0689184     0.032026   -0.0649243     0.019368  -0.00372948     0.130605            0
 -0.00247577 -0.000939127  -0.00248025 -0.000955549  -0.00252429            0       0.0027
    0.101704    -0.186847    0.0675708    -0.109268    0.0282487   -0.0423242  -0.00248407
   -0.186847      4.21013    -0.167609      1.74693    -0.177801   0.00654384 -0.000981249
   0.0675708    -0.167609    0.0764888    -0.111688    0.0286186   -0.0547978  -0.00247251
   -0.109268      1.74693    -0.111688     0.930347    -0.105995     0.013032   -0.0010083
   0.0282487    -0.177801    0.0286186    -0.105995    0.0279816  -0.00369439  -0.00250413
  -0.0423242   0.00654384   -0.0547978     0.013032  -0.00369439     0.130611            0
 -0.00248407 -0.000981249  -0.00247251   -0.0010083  -0.00250413            0       0.0027
  0.0893695   -0.191774   0.0504653   -0.108012   0.0291384  -0.0158217 -0.00248314
  -0.191774     4.21291   -0.172264     1.74222   -0.185688  -0.0190837 -0.00102534
  0.0504653   -0.172264   0.0678353   -0.117044   0.0306671  -0.0445027 -0.00246159
  -0.108012     1.74222   -0.117044       0.926   -0.110749  0.00669477 -0.00105979
  0.0291384   -0.185688   0.0306671   -0.110749   0.0297928 -0.00365791 -0.00248312
 -0.0158217  -0.0190837  -0.0445027  0.00669477 -0.00365791    0.130616           0
-0.00248314 -0.00102534 -0.00246159 -0.00105979 -0.00248312           0      0.0027
  0.0967305   -0.199199   0.0391992   -0.102709   0.0290872   0.0102475 -0.00247398
  -0.199199     4.21319   -0.179842     1.73476   -0.192703  -0.0446445 -0.00107085
  0.0391992   -0.179842    0.061246   -0.122118   0.0326121  -0.0340904  -0.0024478
  -0.102709     1.73476   -0.122118    0.921526   -0.115302 0.000400347 -0.00110984
  0.0290872   -0.192703   0.0326121   -0.115302   0.0316542  -0.0036202 -0.00246134
  0.0102475  -0.0446445  -0.0340904 0.000400347  -0.0036202    0.130622           0
-0.00247398 -0.00107085  -0.0024478 -0.00110984 -0.00246134           0      0.0027
   0.122986   -0.208973   0.0337165  -0.0935025   0.0279906   0.0355577 -0.00245772
  -0.208973     4.21092   -0.190235      1.7246   -0.198749   -0.069957 -0.00111717
  0.0337165   -0.190235   0.0567509   -0.126872   0.0344065  -0.0236143 -0.00243148
 -0.0935025      1.7246   -0.126872    0.916953   -0.119634 -0.00580942 -0.00115823
  0.0279906   -0.198749   0.0344065   -0.119634   0.0335547 -0.00358147 -0.00243891
  0.0355577   -0.069957  -0.0236143 -0.00580942 -0.00358147    0.130628           0
-0.00245772 -0.00111717 -0.00243148 -0.00115823 -0.00243891           0      0.0027
   0.166915     -0.2209   0.0338486  -0.0805795   0.0257735   0.0598086 -0.00243551
    -0.2209      4.2061   -0.203312      1.7118   -0.203739  -0.0948637 -0.00116374
  0.0338486   -0.203312   0.0543579   -0.131276   0.0360066  -0.0131277   -0.002413
 -0.0805795      1.7118   -0.131276    0.912312   -0.123729   -0.011904 -0.00120477
  0.0257735   -0.203739   0.0360066   -0.123729   0.0354831 -0.00354194 -0.00241593
  0.0598086  -0.0948637  -0.0131277   -0.011904 -0.00354194    0.130635           0
-0.00243551 -0.00116374   -0.002413 -0.00120477 -0.00241593           0      0.0027
   0.226946   -0.234749   0.0393266  -0.0641752    0.022393    0.082731 -0.00240851
  -0.234749      4.1987   -0.218929     1.69644   -0.207608   -0.119218 -0.00121004
  0.0393266   -0.218929   0.0540542   -0.135302   0.0373732 -0.00268256 -0.00239272
 -0.0641752     1.69644   -0.135302    0.907632   -0.127576   -0.017864 -0.00124929
   0.022393   -0.207608   0.0373732   -0.127576   0.0374282 -0.00350183 -0.00239253
   0.082731   -0.119218 -0.00268256   -0.017864 -0.00350183    0.130641           0
-0.00240851 -0.00121004 -0.00239272 -0.00124929 -0.00239253           0      0.0027
   0.301232   -0.250264   0.0497955  -0.0445752   0.0178394    0.104093 -0.00237784
  -0.250264     4.18872   -0.236926     1.67861   -0.210311   -0.142878 -0.00125564
  0.0497955   -0.236926   0.0558072   -0.138933   0.0384727  0.00767183 -0.00237096
 -0.0445752     1.67861   -0.138933     0.90294   -0.131169  -0.0236767  -0.0012917
  0.0178394   -0.210311   0.0384727   -0.131169   0.0393802 -0.00346134 -0.00236881
   0.104093   -0.142878  0.00767183  -0.0236767 -0.00346134    0.130648           0
-0.00237784 -0.00125564 -0.00237096  -0.0012917 -0.00236881           0      0.0027
   0.387728    -0.26716   0.0648306  -0.0221098   0.0121347    0.123702 -0.00234453
   -0.26716     4.17615   -0.257125     1.65845   -0.211825   -0.165712 -0.00130016
  0.0648306   -0.257125   0.0595658   -0.142156   0.0392767   0.0178891 -0.00234807
 -0.0221098     1.65845   -0.142156    0.898262   -0.134503  -0.0293332 -0.00133192
  0.0121347   -0.211825   0.0392767   -0.134503   0.0413299 -0.00342065 -0.00234488
   0.123702   -0.165712   0.0178891  -0.0293332 -0.00342065    0.130654           0
-0.00234453 -0.00130016 -0.00234807 -0.00133192 -0.00234488           0      0.0027
   0.484272   -0.285138   0.0839539  0.00285516  0.00533121    0.141411 -0.00230952
  -0.285138     4.16099   -0.279326     1.63608   -0.212147   -0.187595 -0.00134329
  0.0839539   -0.279326    0.065262   -0.144966   0.0397624   0.0279265 -0.00232434
 0.00285516     1.63608   -0.144966    0.893618   -0.137579  -0.0348265 -0.00136989
 0.00533121   -0.212147   0.0397624   -0.137579   0.0432693 -0.00337994 -0.00232083
   0.141411   -0.187595   0.0279265  -0.0348265 -0.00337994    0.130661           0
-0.00230952 -0.00134329 -0.00232434 -0.00136989 -0.00232083           0      0.0027
   0.588659   -0.303888    0.106651   0.0299292 -0.00249235    0.157113 -0.00227366
  -0.303888     4.14326   -0.303309     1.61169   -0.211293    -0.20842 -0.00138477
   0.106651   -0.303309   0.0728132   -0.147362   0.0399127   0.0377448 -0.00230004
  0.0299292     1.61169   -0.147362     0.88903   -0.140401  -0.0401511 -0.00140561
-0.00249235   -0.211293   0.0399127   -0.140401    0.045191 -0.00333936 -0.00229675
   0.157113    -0.20842   0.0377448  -0.0401511 -0.00333936    0.130667           0
-0.00227366 -0.00138477 -0.00230004 -0.00140561 -0.00229675           0      0.0027
   0.698709   -0.323102    0.132387   0.0587074  -0.0112346    0.170747 -0.00223765
  -0.323102     4.12297   -0.328841     1.58543   -0.209298   -0.228093 -0.00142441
   0.132387   -0.328841   0.0821239   -0.149346   0.0397159   0.0473086 -0.00227545
  0.0587074     1.58543   -0.149346    0.884517   -0.142973  -0.0453022 -0.00143907
 -0.0112346   -0.209298   0.0397159   -0.142973   0.0470881 -0.00329906 -0.00227272
   0.170747   -0.228093   0.0473086  -0.0453022 -0.00329906    0.130674           0
-0.00223765 -0.00142441 -0.00227545 -0.00143907 -0.00227272           0      0.0027
   0.812323   -0.342485    0.160621   0.0887805  -0.0207763    0.182292  -0.0022021
  -0.342485     4.10016   -0.355676     1.55751   -0.206212   -0.246539 -0.00146206
   0.160621   -0.355676   0.0930875   -0.150926   0.0391659   0.0565868 -0.00225079
  0.0887805     1.55751   -0.150926    0.880094   -0.145302  -0.0502761 -0.00147028
 -0.0207763   -0.206212   0.0391659   -0.145302   0.0489548 -0.00325917 -0.00224883
   0.182292   -0.246539   0.0565868  -0.0502761 -0.00325917     0.13068           0
 -0.0022021 -0.00146206 -0.00225079 -0.00147028 -0.00224883           0      0.0027
   0.927535   -0.361761    0.190821    0.119745  -0.0309847    0.191766 -0.00216748
  -0.361761     4.07488   -0.383563     1.52811     -0.2021     -0.2637 -0.00149762
   0.190821   -0.383563    0.105589   -0.152111   0.0382618   0.0655523 -0.00222625
   0.119745     1.52811   -0.152111    0.875775   -0.147395  -0.0550699 -0.00149928
 -0.0309847     -0.2021   0.0382618   -0.147395   0.0507856 -0.00321981 -0.00222515
   0.191766     -0.2637   0.0655523  -0.0550699 -0.00321981    0.130686           0
-0.00216748 -0.00149762 -0.00222625 -0.00149928 -0.00222515           0      0.0027
    1.04255   -0.380682    0.222474     0.15121   -0.041719    0.199221 -0.00213417
  -0.380682     4.04721   -0.412248     1.49743   -0.197037   -0.279536 -0.00153105
   0.222474   -0.412248    0.119504   -0.152916   0.0370076   0.0741823 -0.00220199
    0.15121     1.49743   -0.152916    0.871574   -0.149264  -0.0596812 -0.00152611
  -0.041719   -0.197037   0.0370076   -0.149264   0.0525757 -0.00318109 -0.00220175
   0.199221   -0.279536   0.0741823  -0.0596812 -0.00318109    0.130692           0
-0.00213417 -0.00153105 -0.00220199 -0.00152611 -0.00220175           0      0.0027
    1.15575   -0.399034    0.255095    0.182805  -0.0528346    0.204739 -0.00210242
  -0.399034     4.01721   -0.441481     1.46568   -0.191108   -0.294026 -0.00156237
   0.255095   -0.441481    0.134707   -0.153357   0.0354123   0.0824582 -0.00217817
   0.182805     1.46568   -0.153357    0.867501   -0.150918  -0.0641087 -0.00155083
 -0.0528346   -0.191108   0.0354123   -0.150918   0.0543211 -0.00314311 -0.00217869
   0.204739   -0.294026   0.0824582  -0.0641087 -0.00314311    0.130697           0
-0.00210242 -0.00156237 -0.00217817 -0.00155083 -0.00217869           0      0.0027
    1.26575   -0.416637    0.288237    0.214185  -0.0641875     0.20843 -0.00207242
  -0.416637     3.98499   -0.471015     1.43305   -0.184407   -0.307163 -0.00159161
   0.288237   -0.471015    0.151064    -0.15345   0.0334886   0.0903654 -0.00215487
   0.214185     1.43305    -0.15345    0.863565   -0.152368  -0.0683514 -0.00157351
 -0.0641875   -0.184407   0.0334886   -0.152368   0.0560179 -0.00310595 -0.00215603
    0.20843   -0.307163   0.0903654  -0.0683514 -0.00310595    0.130703           0
-0.00207242 -0.00159161 -0.00215487 -0.00157351 -0.00215603           0      0.0027
    1.37137    -0.43335    0.321495    0.245034  -0.0756381    0.210423 -0.00204424
   -0.43335     3.95066   -0.500616     1.39973    -0.17703   -0.318957 -0.00161887
   0.321495   -0.500616    0.168441   -0.153216   0.0312535   0.0978936 -0.00213219
   0.245034     1.39973   -0.153216    0.859772   -0.153628  -0.0724094 -0.00159422
 -0.0756381    -0.17703   0.0312535   -0.153628   0.0576632 -0.00306971 -0.00213384
   0.210423   -0.318957   0.0978936  -0.0724094 -0.00306971    0.130708           0
-0.00204424 -0.00161887 -0.00213219 -0.00159422 -0.00213384           0      0.0027
    1.47164    -0.44907    0.354509    0.275068  -0.0870546    0.210863 -0.00201791
   -0.44907     3.91434    -0.53006     1.36592   -0.169079   -0.329431 -0.00164423
   0.354509    -0.53006    0.186702   -0.152675   0.0287268    0.105036 -0.00211017
   0.275068     1.36592   -0.152675    0.856129   -0.154708  -0.0762835 -0.00161305
 -0.0870546   -0.169079   0.0287268   -0.154708   0.0592543 -0.00303444 -0.00211215
   0.210863   -0.329431    0.105036  -0.0762835 -0.00303444    0.130712           0
-0.00201791 -0.00164423 -0.00211017 -0.00161305 -0.00211215           0      0.0027
    1.56581   -0.463731    0.386967    0.304038  -0.0983154    0.209907 -0.00199342
  -0.463731     3.87618   -0.559139      1.3318   -0.160653   -0.338622 -0.00166785
   0.386967   -0.559139    0.205714    -0.15185   0.0259314     0.11179 -0.00208884
   0.304038      1.3318    -0.15185     0.85264   -0.155622  -0.0799749 -0.00163009
 -0.0983154   -0.160653   0.0259314   -0.155622    0.060789 -0.00300021 -0.00209102
   0.209907   -0.338622     0.11179  -0.0799749 -0.00300021    0.130717           0
-0.00199342 -0.00166785 -0.00208884 -0.00163009 -0.00209102           0      0.0027
     1.6533     -0.4773    0.418606    0.331728   -0.109311    0.207718 -0.00197068
    -0.4773     3.83634   -0.587662     1.29755   -0.151854   -0.346575 -0.00168986
   0.418606   -0.587662    0.225343   -0.150762    0.022892    0.118155  -0.0020682
   0.331728     1.29755   -0.150762    0.849307   -0.156383  -0.0834858 -0.00164543
  -0.109311   -0.151854    0.022892   -0.156383   0.0622654 -0.00296707 -0.00207048
   0.207718   -0.346575    0.118155  -0.0834858 -0.00296707    0.130721           0
-0.00197068 -0.00168986  -0.0020682 -0.00164543 -0.00207048           0      0.0027
    1.73373   -0.489775    0.449212    0.357957   -0.119946    0.204462  -0.0019496
  -0.489775     3.79497   -0.615456     1.26332   -0.142778   -0.353345 -0.00171044
   0.449212   -0.615456    0.245459   -0.149434   0.0196352    0.124136 -0.00204826
   0.357957     1.26332   -0.149434    0.846133   -0.157003  -0.0868187 -0.00165917
  -0.119946   -0.142778   0.0196352   -0.157003   0.0636824 -0.00293508 -0.00205058
   0.204462   -0.353345    0.124136  -0.0868187 -0.00293508    0.130725           0
 -0.0019496 -0.00171044 -0.00204826 -0.00165917 -0.00205058           0      0.0027
    1.80688    -0.50118    0.478615    0.382578   -0.130137    0.200306 -0.00193005
   -0.50118     3.75226   -0.642366     1.22927   -0.133519   -0.358996 -0.00172973
   0.478615   -0.642366    0.265936   -0.147888   0.0161887    0.129739 -0.00202897
   0.382578     1.22927   -0.147888    0.843117   -0.157495  -0.0899771 -0.00167141
  -0.130137   -0.133519   0.0161887   -0.157495   0.0650389 -0.00290426 -0.00203135
   0.200306   -0.358996    0.129739  -0.0899771 -0.00290426    0.130728           0
-0.00193005 -0.00172973 -0.00202897 -0.00167141 -0.00203135           0      0.0027
    1.87264   -0.511562    0.506688    0.405475    -0.13982    0.195411 -0.00191191
  -0.511562      3.7084   -0.668258     1.19554   -0.124165   -0.363597 -0.00174791
   0.506688   -0.668258    0.286652   -0.146148   0.0125808    0.134971 -0.00201031
   0.405475     1.19554   -0.146148    0.840259   -0.157871  -0.0929645 -0.00168225
   -0.13982   -0.124165   0.0125808   -0.157871   0.0663342 -0.00287464 -0.00201282
   0.195411   -0.363597    0.134971  -0.0929645 -0.00287464    0.130731           0
-0.00191191 -0.00174791 -0.00201031 -0.00168225 -0.00201282           0      0.0027
    1.93104   -0.520985    0.533344    0.426561    -0.14894    0.189932 -0.00189504
  -0.520985     3.66357   -0.693018     1.16227   -0.114799   -0.367218 -0.00176513
   0.533344   -0.693018    0.307492   -0.144235  0.00883985    0.139845 -0.00199222
   0.426561     1.16227   -0.144235    0.837559   -0.158144  -0.0957851 -0.00169179
   -0.14894   -0.114799  0.00883985   -0.158144   0.0675681 -0.00284627   -0.001995
   0.189932   -0.367218    0.139845  -0.0957851 -0.00284627    0.130734           0
-0.00189504 -0.00176513 -0.00199222 -0.00169179   -0.001995           0      0.0027
    1.98221   -0.529527    0.558531    0.445778   -0.157458    0.184018  -0.0018793
  -0.529527     3.61796   -0.716552     1.12958   -0.105495   -0.369937 -0.00178155
   0.558531   -0.716552    0.328345   -0.142171  0.00499428    0.144372 -0.00197465
   0.445778     1.12958   -0.142171    0.835013   -0.158325  -0.0984434 -0.00170013
  -0.157458   -0.105495  0.00499428   -0.158325   0.0687406 -0.00281915 -0.00197793
   0.184018   -0.369937    0.144372  -0.0984434 -0.00281915    0.130736           0
 -0.0018793 -0.00178155 -0.00197465 -0.00170013 -0.00197793           0      0.0027
    2.02635   -0.537275     0.58223    0.463094   -0.165349    0.177805 -0.00186455
  -0.537275     3.57178   -0.738785     1.09756  -0.0963222    -0.37183 -0.00179731
    0.58223   -0.738785    0.349109   -0.139977  0.00107177    0.148567 -0.00195756
   0.463094     1.09756   -0.139977     0.83262   -0.158424   -0.100944 -0.00170737
  -0.165349  -0.0963222  0.00107177   -0.158424   0.0698519  -0.0027933 -0.00196161
   0.177805    -0.37183    0.148567   -0.100944  -0.0027933    0.130738           0
-0.00186455 -0.00179731 -0.00195756 -0.00170737 -0.00196161           0      0.0027
    2.06373   -0.544324    0.604448    0.478496   -0.172596    0.171421 -0.00185068
  -0.544324     3.52522    -0.75966     1.06633  -0.0873415   -0.372974 -0.00181253
   0.604448    -0.75966    0.369689   -0.137672 -0.00290087    0.152445 -0.00194087
   0.478496     1.06633   -0.137672    0.830375   -0.158454   -0.103293 -0.00171361
  -0.172596  -0.0873415 -0.00290087   -0.158454   0.0709024 -0.00276872 -0.00194605
   0.171421   -0.372974    0.152445   -0.103293 -0.00276872     0.13074           0
-0.00185068 -0.00181253 -0.00194087 -0.00171361 -0.00194605           0      0.0027
    2.09466   -0.550766    0.625213    0.491994   -0.179197    0.164979 -0.00183757
  -0.550766     3.47848   -0.779139     1.03596   -0.078606   -0.373447 -0.00182733
   0.625213   -0.779139    0.389997   -0.135278 -0.00689796    0.156022 -0.00192453
   0.491994     1.03596   -0.135278    0.828276   -0.158422   -0.105494 -0.00171893
  -0.179197   -0.078606 -0.00689796   -0.158422   0.0718929 -0.00274543 -0.00193128
   0.164979   -0.373447    0.156022   -0.105494 -0.00274543    0.130741           0
-0.00183757 -0.00182733 -0.00192453 -0.00171893 -0.00193128           0      0.0027
    2.11949   -0.556698    0.644572    0.503615   -0.185154    0.158583  -0.0018251
  -0.556698     3.43175   -0.797202     1.00654  -0.0701618   -0.373322  -0.0018418
   0.644572   -0.797202    0.409953   -0.132811  -0.0108952    0.159315 -0.00190849
   0.503615     1.00654   -0.132811    0.826317    -0.15834   -0.107553 -0.00172343
  -0.185154  -0.0701618  -0.0108952    -0.15834   0.0728244 -0.00272342 -0.00191728
   0.158583   -0.373322    0.159315   -0.107553 -0.00272342    0.130742           0
 -0.0018251  -0.0018418 -0.00190849 -0.00172343 -0.00191728           0      0.0027
