dataM
   0.0988055   -0.0981203     0.051005   -0.0337706     0.014334   -0.0312946  -0.00265394
  -0.0981203      4.13282   -0.0884653      1.64277   -0.0518418    0.0958628  -0.00041989
    0.051005   -0.0884653    0.0511099   -0.0336449     0.014333   -0.0314624  -0.00265382
  -0.0337706      1.64277   -0.0336449     0.868973   -0.0300465    0.0212819 -0.000373103
    0.014334   -0.0518418     0.014333   -0.0300465    0.0137828  -0.00200626  -0.00267384
  -0.0312946    0.0958628   -0.0314624    0.0212819  -0.00200626    0.0877788            0
 -0.00265394  -0.00041989  -0.00265382 -0.000373103  -0.00267384            0       0.0027
    0.241065    -0.139336     0.129611   0.00614557    0.0133779   -0.0869714  -0.00254198
   -0.139336      4.08964    -0.131791      1.60441   -0.0372128     0.134365 -0.000405148
    0.129611    -0.131791    0.0947132   -0.0248563    0.0137946   -0.0586349  -0.00260184
  0.00614557      1.60441   -0.0248563     0.870907   -0.0220097    0.0319156 -0.000265707
   0.0133779   -0.0372128    0.0137946   -0.0220097    0.0130031  -0.00201735   -0.0026866
  -0.0869714     0.134365   -0.0586349    0.0319156  -0.00201735    0.0877784            0
 -0.00254198 -0.000405148  -0.00260184 -0.000265707   -0.0026866            0       0.0027
    0.475179    -0.187783     0.242744    0.0511766    0.0126565    -0.130654  -0.00234093
   -0.187783        4.025      -0.1865      1.55628   -0.0270553     0.161663 -0.000442028
    0.242744      -0.1865     0.154295   -0.0185381    0.0135536   -0.0814941  -0.00251257
   0.0511766      1.55628   -0.0185381     0.871839    -0.016416    0.0405873  -0.00019067
   0.0126565   -0.0270553    0.0135536    -0.016416    0.0126107  -0.00202276  -0.00269302
   -0.130654     0.161663   -0.0814941    0.0405873  -0.00202276    0.0877785            0
 -0.00234093 -0.000442028  -0.00251257  -0.00019067  -0.00269302            0       0.0027
    0.740593    -0.230193     0.366465    0.0948491    0.0122648    -0.163456  -0.00209509
   -0.230193      3.94886    -0.239969      1.50634   -0.0197672     0.179995 -0.000499698
    0.366465    -0.239969     0.219546   -0.0138661    0.0134837    -0.100137  -0.00240389
   0.0948491      1.50634   -0.0138661     0.872304   -0.0123076     0.047774 -0.000135289
   0.0122648   -0.0197672    0.0134837   -0.0123076    0.0124016  -0.00202549  -0.00269644
   -0.163456     0.179995    -0.100137     0.047774  -0.00202549    0.0877788            0
 -0.00209509 -0.000499698  -0.00240389 -0.000135289  -0.00269644            0       0.0027
    0.998435    -0.260875     0.485094     0.133306     0.012122    -0.187296  -0.00183727
   -0.260875      3.86959    -0.285565      1.45946   -0.0145284     0.191798  -0.00056066
    0.485094    -0.285565     0.283194   -0.0104287    0.0135078    -0.114971  -0.00228922
    0.133306      1.45946   -0.0104287      0.87252  -0.00925853    0.0538762 -9.38744e-05
    0.012122   -0.0145284    0.0135078  -0.00925853    0.0122904  -0.00202681  -0.00269826
   -0.187296     0.191798    -0.114971    0.0538762  -0.00202681    0.0877792            0
 -0.00183727  -0.00056066  -0.00228922 -9.38744e-05  -0.00269826            0       0.0027
     1.22834    -0.279487      0.59029     0.165052    0.0121039    -0.204179  -0.00158943
   -0.279487      3.79348    -0.321168      1.41806   -0.0108036     0.199127 -0.000616076
     0.59029    -0.321168     0.340909  -0.00794184    0.0135704    -0.126537  -0.00217807
    0.165052      1.41806  -0.00794184     0.872601   -0.0070233    0.0591148 -6.31744e-05
   0.0121039   -0.0108036    0.0135704   -0.0070233    0.0122334  -0.00202738   -0.0026992
   -0.204179     0.199127    -0.126537    0.0591148  -0.00202738    0.0877795            0
 -0.00158943 -0.000616076  -0.00217807 -6.31744e-05   -0.0026992            0       0.0027
     1.42262    -0.288126     0.678797     0.190018    0.0121065    -0.215876  -0.00136486
   -0.288126      3.72479    -0.347042      1.38316  -0.00821275     0.203507 -0.000662074
    0.678797    -0.347042     0.390531  -0.00618536    0.0136333    -0.135373  -0.00207677
    0.190018      1.38316  -0.00618536     0.872611   -0.0054341    0.0636235 -4.09885e-05
   0.0121065  -0.00821275    0.0136333   -0.0054341    0.0122059  -0.00202757  -0.00269966
   -0.215876     0.203507    -0.135373    0.0636235  -0.00202757    0.0877798            0
 -0.00136486 -0.000662074  -0.00207677 -4.09885e-05  -0.00269966            0       0.0027
     1.58097    -0.289517     0.750363      0.20882    0.0120608    -0.223835  -0.00117068
   -0.289517      3.66613    -0.364441      1.35507  -0.00648526     0.206013 -0.000697484
    0.750363    -0.364441     0.431306  -0.00499069    0.0136713    -0.141962  -0.00198931
     0.20882      1.35507  -0.00499069     0.872586  -0.00436953    0.0674926 -2.57335e-05
   0.0120608  -0.00648526    0.0136713  -0.00436953    0.0121938  -0.00202759  -0.00269986
   -0.223835     0.206013    -0.141962    0.0674926  -0.00202759    0.0877801            0
 -0.00117068 -0.000697484  -0.00198931 -2.57335e-05  -0.00269986            0       0.0027
     1.70668     -0.28618     0.806252     0.222326    0.0119278    -0.229174   -0.0010099
    -0.28618      3.61884    -0.374892      1.33369  -0.00543076     0.207374 -0.000722581
    0.806252    -0.374892     0.463309  -0.00423244    0.0136698    -0.146715  -0.00191787
    0.222326      1.33369  -0.00423244     0.872547  -0.00373982    0.0707861 -1.62432e-05
   0.0119278  -0.00543076    0.0136698  -0.00373982    0.0121892  -0.00202756  -0.00269995
   -0.229174     0.207374    -0.146715    0.0707861  -0.00202756    0.0877803            0
  -0.0010099 -0.000722581  -0.00191787 -1.62432e-05  -0.00269995            0       0.0027
     1.80427    -0.280116       0.8483     0.231415    0.0116894    -0.232723  -0.00088298
   -0.280116      3.58331     -0.37985      1.31868  -0.00491777     0.208074 -0.000738374
      0.8483     -0.37985     0.487054    -0.003821    0.0136209    -0.149971  -0.00186336
    0.231415      1.31868    -0.003821     0.872504  -0.00347874    0.0735523 -1.16576e-05
   0.0116894  -0.00491777    0.0136209  -0.00347874    0.0121877  -0.00202753  -0.00269997
   -0.232723     0.208074    -0.149971    0.0735523  -0.00202753    0.0877804            0
 -0.00088298 -0.000738374  -0.00186336 -1.16576e-05  -0.00269997            0       0.0027
     1.87816    -0.272762     0.878381     0.236858    0.0113397    -0.235075  -0.00078886
   -0.272762      3.55929    -0.380538      1.30957  -0.00485771     0.208418 -0.000746153
    0.878381    -0.380538     0.503249  -0.00369533    0.0135214    -0.151998  -0.00182575
    0.236858      1.30957  -0.00369533     0.872463   -0.0035378    0.0758299 -1.13458e-05
   0.0113397  -0.00485771    0.0135214   -0.0035378    0.0121877  -0.00202753  -0.00269997
   -0.235075     0.208418    -0.151998    0.0758299  -0.00202753    0.0877804            0
 -0.00078886 -0.000746153  -0.00182575 -1.13458e-05  -0.00269997            0       0.0027
     1.93207    -0.265055     0.898135     0.239276    0.0108809    -0.236635  -0.00072572
   -0.265055      3.54612    -0.377904      1.30585  -0.00519201     0.208579 -0.000747228
    0.898135    -0.377904      0.51263  -0.00381581    0.0133717    -0.153006  -0.00180438
    0.239276      1.30585  -0.00381581     0.872424  -0.00388078    0.0776513 -1.48346e-05
   0.0108809  -0.00519201    0.0133717  -0.00388078    0.0121887  -0.00202756  -0.00269995
   -0.236635     0.208579    -0.153006    0.0776513  -0.00202756    0.0877804            0
 -0.00072572 -0.000747228  -0.00180438 -1.48346e-05  -0.00269995            0       0.0027
     1.96887    -0.257527     0.908866     0.239134    0.0103217    -0.237665 -0.000691404
   -0.257527      3.54292    -0.372624        1.307  -0.00588196      0.20864 -0.000742757
    0.908866    -0.372624     0.515877  -0.00415804    0.0131753    -0.153152  -0.00179818
    0.239134        1.307  -0.00415804     0.872385  -0.00447884    0.0790452 -2.17466e-05
   0.0103217  -0.00588196    0.0131753  -0.00447884    0.0121918   -0.0020276   -0.0026999
   -0.237665      0.20864    -0.153152    0.0790452   -0.0020276    0.0877804            0
-0.000691404 -0.000742757  -0.00179818 -2.17466e-05   -0.0026999            0       0.0027
     1.99058    -0.250399     0.911539     0.236754   0.00967702     -0.23832 -0.000683658
   -0.250399      3.54873     -0.36514      1.31254  -0.00690204     0.208612  -0.00073369
    0.911539     -0.36514      0.51358   -0.0047082    0.0129395    -0.152546  -0.00180585
    0.236754      1.31254   -0.0047082     0.872343  -0.00530748    0.0800372 -3.17604e-05
  0.00967702  -0.00690204    0.0129395  -0.00530748    0.0121985  -0.00202762  -0.00269978
    -0.23832     0.208612    -0.152546    0.0800372  -0.00202762    0.0877803            0
-0.000683658  -0.00073369  -0.00180585 -3.17604e-05  -0.00269978            0       0.0027
     1.99846    -0.243677     0.906825     0.232341   0.00896566    -0.238673  -0.00070024
   -0.243677      3.56254     -0.35571      1.32198  -0.00823772     0.208459 -0.000720784
    0.906825     -0.35571     0.506245  -0.00546066    0.0126734    -0.151262  -0.00182594
    0.232341      1.32198  -0.00546066     0.872293  -0.00634651     0.080651   -4.461e-05
  0.00896566  -0.00823772    0.0126734  -0.00634651    0.0122111  -0.00202759  -0.00269957
   -0.238673     0.208459    -0.151262     0.080651  -0.00202759    0.0877801            0
 -0.00070024 -0.000720784  -0.00182594   -4.461e-05  -0.00269957            0       0.0027
     1.99322    -0.237206     0.895174     0.226001   0.00820943    -0.238738 -0.000738951
   -0.237206      3.58331    -0.344461      1.33491  -0.00988412     0.208105 -0.000704657
    0.895174    -0.344461     0.494315   -0.0064162    0.0123884     -0.14935  -0.00185693
    0.226001      1.33491   -0.0064162     0.872227  -0.00758027    0.0809085 -6.00884e-05
  0.00820943  -0.00988412    0.0123884  -0.00758027     0.012232  -0.00202747  -0.00269922
   -0.238738     0.208105     -0.14935    0.0809085  -0.00202747    0.0877799            0
-0.000738951 -0.000704657  -0.00185693 -6.00884e-05  -0.00269922            0       0.0027
     1.97511    -0.230738     0.876887     0.217775   0.00743198    -0.238481 -0.000797624
   -0.230738      3.61004    -0.331436       1.3509   -0.0118455      0.20745 -0.000685858
    0.876887    -0.331436     0.478198  -0.00758066    0.0120963    -0.146836  -0.00189722
    0.217775       1.3509  -0.00758066     0.872139  -0.00899806    0.0808299 -7.80524e-05
  0.00743198   -0.0118455    0.0120963  -0.00899806    0.0122643   -0.0020272  -0.00269869
   -0.238481      0.20745    -0.146836    0.0808299   -0.0020272    0.0877797            0
-0.000797624 -0.000685858  -0.00189722 -7.80524e-05  -0.00269869            0       0.0027
     1.94411    -0.223966     0.852185     0.207658   0.00665937    -0.237835 -0.000874088
   -0.223966      3.64169    -0.316643      1.36953   -0.0141331     0.206369 -0.000664914
    0.852185    -0.316643      0.45829  -0.00896304      0.01181    -0.143737   -0.0019452
    0.207658      1.36953  -0.00896304     0.872021   -0.0105931    0.0804334   -9.841e-05
  0.00665937   -0.0141331      0.01181   -0.0105931     0.012311  -0.00202674  -0.00269792
   -0.237835     0.206369    -0.143737    0.0804334  -0.00202674    0.0877795            0
-0.000874088 -0.000664914   -0.0019452   -9.841e-05  -0.00269792            0       0.0027
     1.90008    -0.216565     0.821274     0.195627   0.00592026    -0.236703 -0.000966134
   -0.216565      3.67726    -0.300088      1.39039   -0.0167642     0.204722 -0.000642375
    0.821274    -0.300088     0.434999   -0.0105743     0.011543    -0.140058  -0.00199924
    0.195627      1.39039   -0.0105743     0.871863   -0.0123619    0.0797365 -0.000121114
  0.00592026   -0.0167642     0.011543   -0.0123619    0.0123757  -0.00202601  -0.00269686
   -0.236703     0.204722    -0.140058    0.0797365  -0.00202601    0.0877792            0
-0.000966134 -0.000642375  -0.00199924 -0.000121114  -0.00269686            0       0.0027
     1.84287    -0.208226     0.784396     0.181663   0.00524701    -0.234969  -0.00107147
   -0.208226      3.71575    -0.281811      1.41306   -0.0197593     0.202357 -0.000618842
    0.784396    -0.281811     0.408758   -0.0124255    0.0113095      -0.1358  -0.00205775
    0.181663      1.41306   -0.0124255     0.871656   -0.0143028    0.0787549  -0.00014614
  0.00524701   -0.0197593    0.0113095   -0.0143028    0.0124622  -0.00202496  -0.00269544
   -0.234969     0.202357      -0.1358    0.0787549  -0.00202496    0.0877789            0
 -0.00107147 -0.000618842  -0.00205775  -0.00014614  -0.00269544            0       0.0027
     1.77246     -0.19869      0.74188     0.165769   0.00467599    -0.232505  -0.00118772
    -0.19869       3.7562    -0.261906      1.43711    -0.023139     0.199113 -0.000594987
     0.74188    -0.261906     0.380036   -0.0145257    0.0111247    -0.130962  -0.00211912
    0.165769      1.43711   -0.0145257      0.87139   -0.0164142    0.0775037 -0.000173466
  0.00467599    -0.023139    0.0111247   -0.0164142    0.0125745  -0.00202351  -0.00269361
   -0.232505     0.199113    -0.130962    0.0775037  -0.00202351    0.0877787            0
 -0.00118772 -0.000594987  -0.00211912 -0.000173466  -0.00269361            0       0.0027
     1.68907    -0.187775     0.694178     0.147986   0.00424736    -0.229172  -0.00131237
   -0.187775      3.79768    -0.240551       1.4621   -0.0269212     0.194824 -0.000571554
    0.694178    -0.240551     0.349346   -0.0168803     0.011004    -0.125541  -0.00218183
    0.147986       1.4621   -0.0168803     0.871052    -0.018693    0.0759973 -0.000203058
  0.00424736   -0.0269212     0.011004    -0.018693    0.0127167  -0.00202157  -0.00269128
   -0.229172     0.194824    -0.125541    0.0759973  -0.00202157    0.0877785            0
 -0.00131237 -0.000571554  -0.00218183 -0.000203058  -0.00269128            0       0.0027
     1.59327    -0.175412     0.641892     0.128411   0.00400385    -0.224829  -0.00144279
   -0.175412      3.83931    -0.218019      1.48754   -0.0311169     0.189321 -0.000549361
    0.641892    -0.218019     0.317243   -0.0194891    0.0109629    -0.119537  -0.00224438
    0.128411      1.48754   -0.0194891     0.870633   -0.0211333      0.07425 -0.000234843
  0.00400385   -0.0311169    0.0109629   -0.0211333    0.0128928  -0.00201908  -0.00268841
   -0.224829     0.189321    -0.119537      0.07425  -0.00201908    0.0877784            0
 -0.00144279 -0.000549361  -0.00224438 -0.000234843  -0.00268841            0       0.0027
     1.48602    -0.161667      0.58579      0.10721   0.00398854    -0.219339  -0.00157627
   -0.161667      3.88027    -0.194689      1.51295   -0.0357258     0.182444 -0.000529285
     0.58579    -0.194689     0.284321   -0.0223442    0.0110159    -0.112956  -0.00230536
     0.10721      1.51295   -0.0223442     0.870122    -0.023725    0.0722767 -0.000268699
  0.00398854   -0.0357258    0.0110159    -0.023725    0.0131065  -0.00201594  -0.00268491
   -0.219339     0.182444    -0.112956    0.0722767  -0.00201594    0.0877784            0
 -0.00157627 -0.000529285  -0.00230536 -0.000268699  -0.00268491            0       0.0027
     1.36875    -0.146769     0.526815    0.0846263   0.00424147    -0.212573  -0.00171003
   -0.146769       3.9198    -0.171058      1.53779   -0.0407306      0.17404 -0.000512234
    0.526815    -0.171058      0.25121   -0.0254273    0.0111754    -0.105807  -0.00236346
   0.0846263      1.53779   -0.0254273     0.869511   -0.0264515    0.0700936 -0.000304424
  0.00424147   -0.0407306    0.0111754   -0.0264515    0.0133606  -0.00201208  -0.00268076
   -0.212573      0.17404    -0.105807    0.0700936  -0.00201208    0.0877786            0
 -0.00171003 -0.000512234  -0.00236346 -0.000304424  -0.00268076            0       0.0027
     1.24333    -0.131123     0.466066    0.0609951   0.00479495    -0.204417  -0.00184131
   -0.131123      3.95724    -0.147733      1.56149   -0.0460915      0.16398 -0.000499115
    0.466066    -0.147733     0.218558   -0.0287083    0.0114502   -0.0981065  -0.00241749
   0.0609951      1.56149   -0.0287083     0.868794   -0.0292893    0.0677188 -0.000341725
  0.00479495   -0.0460915    0.0114502   -0.0292893    0.0136566  -0.00200745  -0.00267591
   -0.204417      0.16398   -0.0981065    0.0677188  -0.00200745     0.087779            0
 -0.00184131 -0.000499115  -0.00241749 -0.000341725  -0.00267591            0       0.0027
      1.1121    -0.115315     0.404784    0.0367493   0.00566831    -0.194782  -0.00196743
   -0.115315        3.992    -0.125431      1.58345   -0.0517382     0.152167 -0.000490769
    0.404784    -0.125431     0.187022   -0.0321418    0.0118436    -0.089881  -0.00246642
   0.0367493      1.58345   -0.0321418     0.867972   -0.0322047    0.0651726 -0.000380181
  0.00566831   -0.0517382    0.0118436   -0.0322047    0.0139938    -0.002002  -0.00267038
   -0.194782     0.152167    -0.089881    0.0651726    -0.002002    0.0877797            0
 -0.00196743 -0.000490769  -0.00246642 -0.000380181  -0.00267038            0       0.0027
    0.977746      -0.1001     0.344313     0.012427   0.00686152    -0.183607   -0.0020859
     -0.1001      4.02359     -0.10495      1.60304   -0.0575637     0.138553  -0.00048791
    0.344313     -0.10495     0.157243    -0.035666    0.0123517   -0.0811665  -0.00250939
    0.012427      1.60304    -0.035666     0.867051   -0.0351529    0.0624771 -0.000419225
  0.00686152   -0.0575637    0.0123517   -0.0351529    0.0143688  -0.00199577  -0.00266422
   -0.183607     0.138553   -0.0811665    0.0624771  -0.00199577    0.0877808            0
  -0.0020859  -0.00048791  -0.00250939 -0.000419225  -0.00266422            0       0.0027
    0.843281   -0.0863706     0.286053   -0.0113263   0.00834892    -0.170868  -0.00219453
  -0.0863706      4.05165   -0.0871484      1.61962   -0.0634192     0.123152 -0.000491051
    0.286053   -0.0871484     0.129834    -0.039201    0.0129615   -0.0720118  -0.00254578
  -0.0113263      1.61962    -0.039201      0.86605   -0.0380768    0.0596545 -0.000458124
  0.00834892   -0.0634192    0.0129615   -0.0380768     0.014774  -0.00198881  -0.00265754
   -0.170868     0.123152   -0.0720118    0.0596545  -0.00198881    0.0877823            0
 -0.00219453 -0.000491051  -0.00254578 -0.000458124  -0.00265754            0       0.0027
    0.711869   -0.0751036     0.231399   -0.0337627    0.0100742    -0.156586  -0.00229156
  -0.0751036      4.07587   -0.0728849       1.6326   -0.0691122     0.106062 -0.000500405
    0.231399   -0.0728849     0.105347   -0.0426491    0.0136497   -0.0624784  -0.00257521
  -0.0337627       1.6326   -0.0426491     0.864997   -0.0409058    0.0567231 -0.000495966
   0.0100742   -0.0691122    0.0136497   -0.0409058    0.0151976   -0.0019813  -0.00265055
   -0.156586     0.106062   -0.0624784    0.0567231   -0.0019813    0.0877844            0
 -0.00229156 -0.000500405  -0.00257521 -0.000495966  -0.00265055            0       0.0027
    0.586702   -0.0672692     0.181677   -0.0540503    0.0119478    -0.140834  -0.00237571
  -0.0672692      4.09608   -0.0629523      1.64145   -0.0744128    0.0874761 -0.000515823
    0.181677   -0.0629523    0.0842538   -0.0458979    0.0143823   -0.0526425   -0.0025976
  -0.0540503      1.64145   -0.0458979     0.863935   -0.0435583     0.053689 -0.000531691
   0.0119478   -0.0744128    0.0143823   -0.0435583    0.0156224  -0.00197348  -0.00264352
   -0.140834    0.0874761   -0.0526425     0.053689  -0.00197348     0.087787            0
 -0.00237571 -0.000515823   -0.0025976 -0.000531691  -0.00264352            0       0.0027
    0.470843   -0.0637135     0.138069   -0.0713162    0.0138493    -0.123736  -0.00244628
  -0.0637135      4.11218   -0.0579787      1.64588   -0.0790729    0.0676872 -0.000536749
    0.138069   -0.0579787    0.0669161   -0.0488288    0.0151155   -0.0425944  -0.00261315
  -0.0713162      1.64588   -0.0488288     0.862918   -0.0459475    0.0505345 -0.000564167
   0.0138493   -0.0790729    0.0151155   -0.0459475    0.0160277  -0.00196571   -0.0026368
   -0.123736    0.0676872   -0.0425944    0.0505345  -0.00196571    0.0877902            0
 -0.00244628 -0.000536749  -0.00261315 -0.000564167   -0.0026368            0       0.0027
    0.367078   -0.0650146      0.10154   -0.0847291    0.0156373    -0.105472  -0.00250312
  -0.0650146      4.12416   -0.0583148      1.64585    -0.082864    0.0470649 -0.000562277
     0.10154   -0.0583148     0.053562   -0.0513339    0.0157996   -0.0324377  -0.00262235
  -0.0847291      1.64585   -0.0513339     0.862003   -0.0479954     0.047202 -0.000592378
   0.0156373    -0.082864    0.0157996   -0.0479954    0.0163914  -0.00195839  -0.00263075
   -0.105472    0.0470649   -0.0324377     0.047202  -0.00195839    0.0877939            0
 -0.00250312 -0.000562277  -0.00262235 -0.000592378  -0.00263075            0       0.0027
   0.277776  -0.0713493   0.0727665  -0.0936336   0.0171689  -0.0862659 -0.00254654
 -0.0713493     4.13208  -0.0639352     1.64168  -0.0856393   0.0259935 -0.00059137
  0.0727665  -0.0639352   0.0442611  -0.0533454   0.0163864  -0.0222833 -0.00262584
 -0.0936336     1.64168  -0.0533454    0.861236  -0.0496578   0.0435779 -0.00061577
  0.0171689  -0.0856393   0.0163864  -0.0496578   0.0166971 -0.00195187 -0.00262565
 -0.0862659   0.0259935  -0.0222833   0.0435779 -0.00195187   0.0877979           0
-0.00254654 -0.00059137 -0.00262584 -0.00061577 -0.00262565           0      0.0027
    0.204793   -0.0824513    0.0520837   -0.0977265    0.0183267   -0.0663741  -0.00257703
  -0.0824513      4.13604   -0.0744274      1.63404   -0.0874128   0.00476321 -0.000623341
   0.0520837   -0.0744274    0.0389156   -0.0548768    0.0168405   -0.0122371  -0.00262431
  -0.0977265      1.63404   -0.0548768     0.860622   -0.0509627    0.0394893 -0.000634758
   0.0183267   -0.0874128    0.0168405   -0.0509627    0.0169433  -0.00194631  -0.00262154
  -0.0663741   0.00476321   -0.0122371    0.0394893  -0.00194631     0.087802            0
 -0.00257703 -0.000623341  -0.00262431 -0.000634758  -0.00262154            0       0.0027
     0.14941   -0.0977585    0.0394716   -0.0972066    0.0190473   -0.0460603  -0.00259505
  -0.0977585      4.13616   -0.0891599      1.62365   -0.0884327   -0.0165486 -0.000658584
   0.0394716   -0.0891599    0.0372835   -0.0560679    0.0171534  -0.00237853  -0.00261822
  -0.0972066      1.62365   -0.0560679     0.860099   -0.0520537    0.0347304 -0.000651295
   0.0190473   -0.0884327    0.0171534   -0.0520537    0.0171548  -0.00194144  -0.00261801
  -0.0460603   -0.0165486  -0.00237853    0.0347304  -0.00194144     0.087806            0
 -0.00259505 -0.000658584  -0.00261822 -0.000651295  -0.00261801            0       0.0027
    0.112317    -0.116751    0.0346251    -0.092772    0.0193301   -0.0255769   -0.0026007
   -0.116751      4.13248    -0.107618      1.61096   -0.0891823     -0.03809 -0.000699145
   0.0346251    -0.107618    0.0390579    -0.057196     0.017351   0.00726494  -0.00260755
   -0.092772      1.61096    -0.057196     0.859525    -0.053205    0.0291454 -0.000669047
   0.0193301   -0.0891823     0.017351    -0.053205    0.0173875  -0.00193643  -0.00261411
  -0.0255769     -0.03809   0.00726494    0.0291454  -0.00193643    0.0878097            0
  -0.0026007 -0.000699145  -0.00260755 -0.000669047  -0.00261411            0       0.0027
    0.093642    -0.139229    0.0370971   -0.0853584    0.0192112  -0.00516374  -0.00259385
   -0.139229      4.12487    -0.129667      1.59587     -0.09022   -0.0600557 -0.000748187
   0.0370971    -0.129667    0.0439759   -0.0585954    0.0174828    0.0167198  -0.00259181
  -0.0853584      1.59587   -0.0585954     0.858703   -0.0547499    0.0227503 -0.000692403
   0.0192112     -0.09022    0.0174828   -0.0547499    0.0177159  -0.00193009   -0.0026086
 -0.00516374   -0.0600557    0.0167198    0.0227503  -0.00193009    0.0878132            0
 -0.00259385 -0.000748187  -0.00259181 -0.000692403   -0.0026086            0       0.0027
   0.0930012    -0.165256     0.046424   -0.0757113    0.0187074    0.0149299  -0.00257461
   -0.165256      4.11307    -0.155468      1.57782   -0.0918907   -0.0824484 -0.000808153
    0.046424    -0.155468    0.0518757    -0.060498      0.01759    0.0260284  -0.00257045
  -0.0757113      1.57782    -0.060498     0.857463   -0.0569278    0.0157831 -0.000724468
   0.0187074   -0.0918907      0.01759   -0.0569278    0.0182041  -0.00192132  -0.00260039
   0.0149299   -0.0824484    0.0260284    0.0157831  -0.00192132    0.0878168            0
 -0.00257461 -0.000808153  -0.00257045 -0.000724468  -0.00260039            0       0.0027
    0.109544    -0.194836    0.0621352   -0.0641153    0.0177773    0.0344293  -0.00254378
   -0.194836       4.0968    -0.185157      1.55612   -0.0941536       -0.105 -0.000879203
   0.0621352    -0.185157    0.0626521   -0.0629278    0.0176794    0.0352024  -0.00254329
  -0.0641153      1.55612   -0.0629278     0.855721   -0.0597788   0.00860221 -0.000765722
   0.0177773   -0.0941536    0.0176794   -0.0597788     0.018883  -0.00190953  -0.00258893
   0.0344293       -0.105    0.0352024   0.00860221  -0.00190953    0.0878208            0
 -0.00254378 -0.000879203  -0.00254329 -0.000765722  -0.00258893            0       0.0027
    0.142003    -0.227659    0.0836819   -0.0504653     0.016327     0.053046  -0.00250299
   -0.227659       4.0759    -0.218581      1.53038   -0.0966556    -0.127262 -0.000959197
   0.0836819    -0.218581     0.076174   -0.0657282    0.0177207     0.044209  -0.00251076
  -0.0504653      1.53038   -0.0657282     0.853484   -0.0631647   0.00152647 -0.000814344
    0.016327   -0.0966556    0.0177207   -0.0631647    0.0197484  -0.00189468  -0.00257426
    0.053046    -0.127262     0.044209   0.00152647  -0.00189468    0.0878252            0
 -0.00250299 -0.000959197  -0.00251076 -0.000814344  -0.00257426            0       0.0027
     0.18877     -0.26303     0.110385   -0.0345333    0.0142459    0.0705057   -0.0024544
    -0.26303      4.05034    -0.255219      1.50067   -0.0989342    -0.148733  -0.00104471
    0.110385    -0.255219    0.0922343   -0.0686623    0.0176608    0.0529855  -0.00247377
  -0.0345333      1.50067   -0.0686623     0.850828   -0.0668634  -0.00524525 -0.000867431
   0.0142459   -0.0989342    0.0176608   -0.0668634     0.020771   -0.0018772  -0.00255681
   0.0705057    -0.148733    0.0529855  -0.00524525   -0.0018772    0.0878303            0
  -0.0024544  -0.00104471  -0.00247377 -0.000867431  -0.00255681            0       0.0027
   0.247993   -0.299942    0.141444  -0.0162059    0.011445   0.0865746 -0.00240039
  -0.299942     4.02032   -0.294239      1.4675   -0.100594   -0.168943 -0.00113212
   0.141444   -0.294239    0.110543  -0.0715042   0.0174425   0.0614583 -0.00243348
 -0.0162059      1.4675  -0.0715042    0.847862  -0.0706546  -0.0116275 -0.00092211
   0.011445   -0.100594   0.0174425  -0.0706546   0.0219104 -0.00185768 -0.00253722
  0.0865746   -0.168943   0.0614583  -0.0116275 -0.00185768   0.0878361           0
-0.00240039 -0.00113212 -0.00243348 -0.00092211 -0.00253722           0      0.0027
    0.317686    -0.337224     0.175975   0.00440908   0.00788049     0.101077  -0.00234315
   -0.337224      3.98617    -0.334623       1.4317    -0.101392    -0.187518  -0.00121834
    0.175975    -0.334623     0.130746   -0.0740856    0.0170178    0.0695562  -0.00239108
  0.00440908       1.4317   -0.0740856     0.844693   -0.0743667   -0.0176103 -0.000976116
  0.00788049    -0.101392    0.0170178   -0.0743667    0.0231255  -0.00183678  -0.00251616
    0.101077    -0.187518    0.0695562   -0.0176103  -0.00183678    0.0878424            0
 -0.00234315  -0.00121834  -0.00239108 -0.000976116  -0.00251616            0       0.0027
   0.395832   -0.373697    0.213077    0.026992  0.00356011    0.113903 -0.00228454
  -0.373697     3.94839   -0.375309     1.39427   -0.101243   -0.204213 -0.00130105
   0.213077   -0.375309    0.152446  -0.0763052   0.0163546   0.0772177 -0.00234768
   0.026992     1.39427  -0.0763052    0.841417  -0.0778866  -0.0232178 -0.00102793
 0.00356011   -0.101243   0.0163546  -0.0778866   0.0243814 -0.00181508 -0.00249422
   0.113903   -0.204213   0.0772177  -0.0232178 -0.00181508   0.0878491           0
-0.00228454 -0.00130105 -0.00234768 -0.00102793 -0.00249422           0      0.0027
   0.480471    -0.40831    0.251877   0.0510814 -0.00146351    0.125006 -0.00222601
   -0.40831     3.90757   -0.415312     1.35622   -0.100184   -0.218913 -0.00137875
   0.251877   -0.415312    0.175237  -0.0781189   0.0154381    0.084395 -0.00230423
  0.0510814     1.35622  -0.0781189    0.838108  -0.0811516  -0.0284853 -0.00107666
-0.00146351   -0.100184   0.0154381  -0.0811516   0.0256507 -0.00179307 -0.00247183
   0.125006   -0.218913    0.084395  -0.0284853 -0.00179307   0.0878561           0
-0.00222601 -0.00137875 -0.00230423 -0.00107666 -0.00247183           0      0.0027
   0.569755   -0.440233    0.291574   0.0761565 -0.00710569      0.1344 -0.00216863
  -0.440233     3.86435   -0.453817     1.31839  -0.0983249   -0.231624 -0.00145061
   0.291574   -0.453817    0.198724  -0.0795236   0.0142688   0.0910555 -0.00226148
  0.0761565     1.31839  -0.0795236    0.834819  -0.0841357   -0.033446 -0.00112193
-0.00710569  -0.0983249   0.0142688  -0.0841357   0.0269148 -0.00177108 -0.00244933
     0.1344   -0.231624   0.0910555   -0.033446 -0.00177108   0.0878632           0
-0.00216863 -0.00145061 -0.00226148 -0.00112193 -0.00244933           0      0.0027
   0.661992   -0.468897    0.331466    0.101707  -0.0132632     0.14214 -0.00211312
  -0.468897     3.81938    -0.49022     1.28147  -0.0958112   -0.242443 -0.00151633
   0.331466    -0.49022    0.222543  -0.0805422    0.012859   0.0971825 -0.00221998
   0.101707     1.28147  -0.0805422    0.831584  -0.0868373  -0.0381263 -0.00116363
 -0.0132632  -0.0958112    0.012859  -0.0868373   0.0281613 -0.00174936 -0.00242694
    0.14214   -0.242443   0.0971825  -0.0381263 -0.00174936   0.0878702           0
-0.00211312 -0.00151633 -0.00221998 -0.00116363 -0.00242694           0      0.0027
   0.755663   -0.493987     0.37096    0.127276  -0.0198266    0.148316 -0.00205996
  -0.493987     3.77326   -0.524135     1.24592   -0.092789   -0.251525 -0.00157598
    0.37096   -0.524135    0.246381  -0.0812114   0.0112289    0.102773 -0.00218014
   0.127276     1.24592  -0.0812114    0.828422  -0.0892688  -0.0425467 -0.00120189
 -0.0198266   -0.092789   0.0112289  -0.0892688   0.0293835 -0.00172805 -0.00240478
   0.148316   -0.251525    0.102773  -0.0425467 -0.00172805   0.0878771           0
-0.00205996 -0.00157598 -0.00218014 -0.00120189 -0.00240478           0      0.0027
   0.849427   -0.515413    0.409574    0.152482  -0.0266877    0.153039 -0.00200944
  -0.515413     3.72651   -0.555364     1.21199  -0.0893921   -0.259054 -0.00162985
   0.409574   -0.555364    0.269976  -0.0815742  0.00940376    0.107837  -0.0021422
   0.152482     1.21199  -0.0815742    0.825343  -0.0914505  -0.0467209 -0.00123694
 -0.0266877  -0.0893921  0.00940376  -0.0914505   0.0305783 -0.00170724 -0.00238292
   0.153039   -0.259054    0.107837  -0.0467209 -0.00170724   0.0878837           0
-0.00200944 -0.00162985  -0.0021422 -0.00123694 -0.00238292           0      0.0027
   0.942122   -0.533256    0.446929    0.177025  -0.0337454    0.156435 -0.00196171
  -0.533256     3.67957   -0.583861      1.1798  -0.0857326   -0.265219  -0.0016784
   0.446929   -0.583861     0.29312   -0.081674  0.00741096    0.112394 -0.00210629
   0.177025      1.1798   -0.081674    0.822349  -0.0934057  -0.0506586 -0.00126903
 -0.0337454  -0.0857326  0.00741096  -0.0934057   0.0317446 -0.00168694 -0.00236138
   0.156435   -0.265219    0.112394  -0.0506586 -0.00168694     0.08789           0
-0.00196171  -0.0016784 -0.00210629 -0.00126903 -0.00236138           0      0.0027
    1.03276   -0.547719    0.482736     0.20068  -0.0409085    0.158631 -0.00191683
  -0.547719     3.63281   -0.609691     1.14936  -0.0819008   -0.270204 -0.00172209
   0.482736   -0.609691    0.315657   -0.081552  0.00527818    0.116469 -0.00207246
    0.20068     1.14936   -0.081552    0.819439  -0.0951583   -0.054367 -0.00129846
 -0.0409085  -0.0819008  0.00527818  -0.0951583   0.0328833 -0.00166715 -0.00234016
   0.158631   -0.270204    0.116469   -0.054367 -0.00166715   0.0878958           0
-0.00191683 -0.00172209 -0.00207246 -0.00129846 -0.00234016           0      0.0027
    1.12051   -0.559081    0.516783    0.223282  -0.0480967    0.159756  -0.0018748
  -0.559081      3.5865   -0.632984     1.12058   -0.077966   -0.274174 -0.00176141
   0.516783   -0.632984    0.337468  -0.0812454  0.00303206    0.120092 -0.00204069
   0.223282     1.12058  -0.0812454    0.816608   -0.096731  -0.0578526  -0.0013255
 -0.0480967   -0.077966  0.00303206   -0.096731   0.0339955 -0.00164785 -0.00231924
   0.159756   -0.274174    0.120092  -0.0578526 -0.00164785   0.0879013           0
 -0.0018748 -0.00176141 -0.00204069  -0.0013255 -0.00231924           0      0.0027
    1.20469   -0.567667    0.548926    0.244726  -0.0552405    0.159936 -0.00183559
  -0.567667     3.54085    -0.65392     1.09337  -0.0739804   -0.277276 -0.00179685
   0.548926    -0.65392    0.358475  -0.0807869  0.00069784    0.123295 -0.00201092
   0.244726     1.09337  -0.0807869    0.813851  -0.0981447  -0.0611205 -0.00135042
 -0.0552405  -0.0739804  0.00069784  -0.0981447   0.0350827 -0.00162901 -0.00229861
   0.159936   -0.277276    0.123295  -0.0611205 -0.00162901   0.0879062           0
-0.00183559 -0.00179685 -0.00201092 -0.00135042 -0.00229861           0      0.0027
    1.28477   -0.573817    0.579072    0.264943  -0.0622808    0.159291 -0.00179917
  -0.573817     3.49602   -0.672693     1.06758  -0.0699832   -0.279636 -0.00182884
   0.579072   -0.672693    0.378625  -0.0802049 -0.00170121    0.126113 -0.00198305
   0.264943     1.06758  -0.0802049    0.811163  -0.0994183  -0.0641757 -0.00137346
 -0.0622808  -0.0699832 -0.00170121  -0.0994183   0.0361465  -0.0016106 -0.00227825
   0.159291   -0.279636    0.126113  -0.0641757  -0.0016106   0.0879106           0
-0.00179917 -0.00182884 -0.00198305 -0.00137346 -0.00227825           0      0.0027
    1.36033   -0.577869    0.607172      0.2839  -0.0691678    0.157935 -0.00176545
  -0.577869     3.45212   -0.689505      1.0431   -0.066003   -0.281364 -0.00185776
   0.607172   -0.689505    0.397885   -0.079524 -0.00414379    0.128578 -0.00195696
     0.2839      1.0431   -0.079524    0.808539   -0.100569  -0.0670235 -0.00139482
 -0.0691678   -0.066003 -0.00414379   -0.100569    0.037188 -0.00159259 -0.00225813
   0.157935   -0.281364    0.128578  -0.0670235 -0.00159259   0.0879146           0
-0.00176545 -0.00185776 -0.00195696 -0.00139482 -0.00225813           0      0.0027
    1.43109   -0.580149    0.633214    0.301588  -0.0758603    0.155974 -0.00173439
  -0.580149     3.40922    -0.70455     1.01979  -0.0620608   -0.282551 -0.00188398
   0.633214    -0.70455    0.416242  -0.0787649 -0.00661065    0.130721 -0.00193255
   0.301588     1.01979  -0.0787649    0.805973   -0.101611  -0.0696696 -0.00141469
 -0.0758603  -0.0620608 -0.00661065   -0.101611   0.0382083 -0.00157495 -0.00223825
   0.155974   -0.282551    0.130721  -0.0696696 -0.00157495   0.0879181           0
-0.00173439 -0.00188398 -0.00193255 -0.00141469 -0.00223825           0      0.0027
    1.49683   -0.580961    0.657213    0.318014  -0.0823247    0.153507 -0.00170589
  -0.580961     3.36739   -0.718012    0.997525  -0.0581727   -0.283276 -0.00190778
   0.657213   -0.718012    0.433693  -0.0779456 -0.00908446    0.132574 -0.00190969
   0.318014    0.997525  -0.0779456    0.803463   -0.102559    -0.07212 -0.00143326
 -0.0823247  -0.0581727 -0.00908446   -0.102559   0.0392081 -0.00155765  -0.0022186
   0.153507   -0.283276    0.132574    -0.07212 -0.00155765   0.0879211           0
-0.00170589 -0.00190778 -0.00190969 -0.00143326  -0.0022186           0      0.0027
    1.55747   -0.580583     0.67921    0.333198  -0.0885342    0.150624 -0.00167988
  -0.580583     3.32666    -0.73006    0.976219   -0.054351   -0.283603 -0.00192945
    0.67921    -0.73006    0.450245  -0.0770815  -0.0115497    0.134165 -0.00188827
   0.333198    0.976219  -0.0770815    0.801005   -0.103423  -0.0743812 -0.00145066
 -0.0885342   -0.054351  -0.0115497   -0.103423   0.0401882 -0.00154068 -0.00219917
   0.150624   -0.283603    0.134165  -0.0743812 -0.00154068   0.0879236           0
-0.00167988 -0.00192945 -0.00188827 -0.00145066 -0.00219917           0      0.0027
    1.61298   -0.579268     0.69926    0.347168   -0.094468     0.14741 -0.00165628
  -0.579268     3.28705   -0.740844    0.955783   -0.050605   -0.283591 -0.00194921
    0.69926   -0.740844    0.465909  -0.0761857  -0.0139926    0.135522 -0.00186817
   0.347168    0.955783  -0.0761857    0.798595   -0.104215  -0.0764605 -0.00146703
  -0.094468   -0.050605  -0.0139926   -0.104215   0.0411487 -0.00152403 -0.00217996
    0.14741   -0.283591    0.135522  -0.0764605 -0.00152403   0.0879258           0
-0.00165628 -0.00194921 -0.00186817 -0.00146703 -0.00217996           0      0.0027
    1.66338   -0.577242    0.717438    0.359958   -0.100111    0.143939 -0.00163502
  -0.577242      3.2486   -0.750503    0.936144  -0.0469428   -0.283286 -0.00196726
   0.717438   -0.750503    0.480705  -0.0752696   -0.016401    0.136669 -0.00184929
   0.359958    0.936144  -0.0752696     0.79623   -0.104944  -0.0783648  -0.0014825
  -0.100111  -0.0469428   -0.016401   -0.104944   0.0420901 -0.00150767 -0.00216097
   0.143939   -0.283286    0.136669  -0.0783648 -0.00150767   0.0879275           0
-0.00163502 -0.00196726 -0.00184929  -0.0014825 -0.00216097           0      0.0027
    1.70877   -0.574703    0.733827    0.371602   -0.105451    0.140282 -0.00161601
  -0.574703     3.21132   -0.759155    0.917246  -0.0433713   -0.282731 -0.00198377
   0.733827   -0.759155    0.494654   -0.074343  -0.0187639    0.137629 -0.00183152
   0.371602    0.917246   -0.074343     0.79391   -0.105618  -0.0801014 -0.00149717
  -0.105451  -0.0433713  -0.0187639   -0.105618   0.0430124 -0.00149162  -0.0021422
   0.140282   -0.282731    0.137629  -0.0801014 -0.00149162   0.0879288           0
-0.00161601 -0.00198377 -0.00183152 -0.00149717  -0.0021422           0      0.0027
    1.74927   -0.571827    0.748521    0.382141   -0.110483      0.1365 -0.00159915
  -0.571827     3.17521   -0.766909    0.899043  -0.0398964   -0.281961 -0.00199891
   0.748521   -0.766909    0.507779  -0.0734144  -0.0210721    0.138424 -0.00181478
   0.382141    0.899043  -0.0734144    0.791631   -0.106245  -0.0816781 -0.00151113
  -0.110483  -0.0398964  -0.0210721   -0.106245   0.0439158 -0.00147585 -0.00212366
     0.1365   -0.281961    0.138424  -0.0816781 -0.00147585   0.0879297           0
-0.00159915 -0.00199891 -0.00181478 -0.00151113 -0.00212366           0      0.0027
    1.78507   -0.568768    0.761619    0.391612   -0.115203     0.13265 -0.00158437
  -0.568768     3.14028   -0.773857    0.881499   -0.036523   -0.281008 -0.00201279
   0.761619   -0.773857    0.520106  -0.0724912  -0.0233173    0.139072 -0.00179898
   0.391612    0.881499  -0.0724912    0.789392   -0.106831  -0.0831022 -0.00152448
  -0.115203   -0.036523  -0.0233173   -0.106831   0.0448002 -0.00146037 -0.00210536
    0.13265   -0.281008    0.139072  -0.0831022 -0.00146037   0.0879303           0
-0.00158437 -0.00201279 -0.00179898 -0.00152448 -0.00210536           0      0.0027
    1.81634   -0.565655    0.773223    0.400055   -0.119609     0.12878 -0.00157157
  -0.565655     3.10655   -0.780083    0.864586  -0.0332558     -0.2799 -0.00202553
   0.773223   -0.780083    0.531663  -0.0715795  -0.0254924    0.139592 -0.00178404
